{
 "cells": [
  {
   "cell_type": "markdown",
   "metadata": {
    "slideshow": {
     "slide_type": "slide"
    }
   },
   "source": [
    "![](./images/mpl_logo.png)\n",
    "\n",
    "# 3D Area Plotting\n",
    "\n",
    "Dalam sesi ini kita akan mempelajari cara membuat 3D area plotting dengan Matplotlib."
   ]
  },
  {
   "cell_type": "markdown",
   "metadata": {
    "slideshow": {
     "slide_type": "slide"
    }
   },
   "source": [
    "## Import modules"
   ]
  },
  {
   "cell_type": "code",
   "execution_count": 1,
   "metadata": {},
   "outputs": [],
   "source": [
    "# %matplotlib inline\n",
    "%matplotlib notebook "
   ]
  },
  {
   "cell_type": "code",
   "execution_count": 2,
   "metadata": {},
   "outputs": [
    {
     "name": "stdout",
     "output_type": "stream",
     "text": [
      "3.2.2\n",
      "1.18.5\n"
     ]
    }
   ],
   "source": [
    "import matplotlib\n",
    "import matplotlib.pyplot as plt\n",
    "import numpy as np\n",
    "\n",
    "print(matplotlib.__version__)\n",
    "print(np.__version__)"
   ]
  },
  {
   "cell_type": "markdown",
   "metadata": {
    "slideshow": {
     "slide_type": "slide"
    }
   },
   "source": [
    "## Sample dataset"
   ]
  },
  {
   "cell_type": "code",
   "execution_count": 37,
   "metadata": {},
   "outputs": [
    {
     "name": "stdout",
     "output_type": "stream",
     "text": [
      "(30, 30)\n",
      "(30, 30)\n",
      "(30, 30)\n"
     ]
    }
   ],
   "source": [
    "x = np.outer(np.linspace(-2, 2, 30), np.ones(30))\n",
    "y = x.copy().T # transpose\n",
    "z = np.cos(x ** 2 + y ** 2)\n",
    "\n",
    "print(x.shape)\n",
    "print(y.shape)\n",
    "print(z.shape)"
   ]
  },
  {
   "cell_type": "code",
   "execution_count": 41,
   "metadata": {},
   "outputs": [
    {
     "data": {
      "text/plain": [
       "array([[-0.14550003,  0.37711637,  0.77158563,  0.97300878,  0.98281051,\n",
       "         0.84395529,  0.61482584,  0.35018219,  0.09128874, -0.13645656,\n",
       "        -0.32132971, -0.46118753, -0.55925174, -0.62065892, -0.6500367 ,\n",
       "        -0.6500367 , -0.62065892, -0.55925174, -0.46118753, -0.32132971,\n",
       "        -0.13645656,  0.09128874,  0.35018219,  0.61482584,  0.84395529,\n",
       "         0.98281051,  0.97300878,  0.77158563,  0.37711637, -0.14550003],\n",
       "       [ 0.37711637,  0.79522584,  0.98773718,  0.95538608,  0.75287196,\n",
       "         0.45459318,  0.12910458, -0.17404272, -0.42710005, -0.62065892,\n",
       "        -0.75773327, -0.84791098, -0.90277665, -0.93286355, -0.94589175,\n",
       "        -0.94589175, -0.93286355, -0.90277665, -0.84791098, -0.75773327,\n",
       "        -0.62065892, -0.42710005, -0.17404272,  0.12910458,  0.45459318,\n",
       "         0.75287196,  0.95538608,  0.98773718,  0.79522584,  0.37711637],\n",
       "       [ 0.77158563,  0.98773718,  0.94345884,  0.70065489,  0.35018219,\n",
       "        -0.02273185, -0.35712049, -0.62065892, -0.80515239, -0.91848491,\n",
       "        -0.97669508, -0.99794535, -0.99874851, -0.99205554, -0.98655193,\n",
       "        -0.98655193, -0.99205554, -0.99874851, -0.99794535, -0.97669508,\n",
       "        -0.91848491, -0.80515239, -0.62065892, -0.35712049, -0.02273185,\n",
       "         0.35018219,  0.70065489,  0.94345884,  0.98773718,  0.77158563],\n",
       "       [ 0.97300878,  0.95538608,  0.70065489,  0.31429664, -0.09867286,\n",
       "        -0.46118753, -0.73236077, -0.90277665, -0.98415289, -0.99874851,\n",
       "        -0.97127026, -0.92396165, -0.87438263, -0.83496114, -0.81342262,\n",
       "        -0.81342262, -0.83496114, -0.87438263, -0.92396165, -0.97127026,\n",
       "        -0.99874851, -0.98415289, -0.90277665, -0.73236077, -0.46118753,\n",
       "        -0.09867286,  0.31429664,  0.70065489,  0.95538608,  0.97300878],\n",
       "       [ 0.98281051,  0.75287196,  0.35018219, -0.09867286, -0.49460739,\n",
       "        -0.78200886, -0.94589175, -0.99966033, -0.97127026, -0.89220853,\n",
       "        -0.79070657, -0.6887493 , -0.60168794, -0.53922183, -0.50679499,\n",
       "        -0.50679499, -0.53922183, -0.60168794, -0.6887493 , -0.79070657,\n",
       "        -0.89220853, -0.97127026, -0.99966033, -0.94589175, -0.78200886,\n",
       "        -0.49460739, -0.09867286,  0.35018219,  0.75287196,  0.98281051],\n",
       "       [ 0.84395529,  0.45459318, -0.02273185, -0.46118753, -0.78200886,\n",
       "        -0.95755066, -0.99874851, -0.9378429 , -0.81342262, -0.66067124,\n",
       "        -0.50679499, -0.37023606, -0.26201862, -0.18788998, -0.15039073,\n",
       "        -0.15039073, -0.18788998, -0.26201862, -0.37023606, -0.50679499,\n",
       "        -0.66067124, -0.81342262, -0.9378429 , -0.99874851, -0.95755066,\n",
       "        -0.78200886, -0.46118753, -0.02273185,  0.45459318,  0.84395529],\n",
       "       [ 0.61482584,  0.12910458, -0.35712049, -0.73236077, -0.94589175,\n",
       "        -0.99874851, -0.92396165, -0.76684587, -0.57086809, -0.37023606,\n",
       "        -0.18788998, -0.03680535,  0.07725909,  0.1528347 ,  0.19031793,\n",
       "         0.19031793,  0.1528347 ,  0.07725909, -0.03680535, -0.18788998,\n",
       "        -0.37023606, -0.57086809, -0.76684587, -0.92396165, -0.99874851,\n",
       "        -0.94589175, -0.73236077, -0.35712049,  0.12910458,  0.61482584],\n",
       "       [ 0.35018219, -0.17404272, -0.62065892, -0.90277665, -0.99966033,\n",
       "        -0.9378429 , -0.76684587, -0.53922183, -0.29854069, -0.07479369,\n",
       "         0.11513023,  0.26440399,  0.37253178,  0.44200762,  0.47581068,\n",
       "         0.47581068,  0.44200762,  0.37253178,  0.26440399,  0.11513023,\n",
       "        -0.07479369, -0.29854069, -0.53922183, -0.76684587, -0.9378429 ,\n",
       "        -0.99966033, -0.90277665, -0.62065892, -0.17404272,  0.35018219],\n",
       "       [ 0.09128874, -0.42710005, -0.80515239, -0.98415289, -0.97127026,\n",
       "        -0.81342262, -0.57086809, -0.29854069, -0.03680535,  0.19031793,\n",
       "         0.37253178,  0.50892495,  0.60366101,  0.66252531,  0.6905398 ,\n",
       "         0.6905398 ,  0.66252531,  0.60366101,  0.50892495,  0.37253178,\n",
       "         0.19031793, -0.03680535, -0.29854069, -0.57086809, -0.81342262,\n",
       "        -0.97127026, -0.98415289, -0.80515239, -0.42710005,  0.09128874],\n",
       "       [-0.13645656, -0.62065892, -0.91848491, -0.99874851, -0.89220853,\n",
       "        -0.66067124, -0.37023606, -0.07479369,  0.19031793,  0.4075647 ,\n",
       "         0.57289642,  0.6905398 ,  0.76843049,  0.81485835,  0.83631926,\n",
       "         0.83631926,  0.81485835,  0.76843049,  0.6905398 ,  0.57289642,\n",
       "         0.4075647 ,  0.19031793, -0.07479369, -0.37023606, -0.66067124,\n",
       "        -0.89220853, -0.99874851, -0.91848491, -0.62065892, -0.13645656],\n",
       "       [-0.32132971, -0.75773327, -0.97669508, -0.97127026, -0.79070657,\n",
       "        -0.50679499, -0.18788998,  0.11513023,  0.37253178,  0.57289642,\n",
       "         0.71755464,  0.81485835,  0.87557974,  0.90977201,  0.92490454,\n",
       "         0.92490454,  0.90977201,  0.87557974,  0.81485835,  0.71755464,\n",
       "         0.57289642,  0.37253178,  0.11513023, -0.18788998, -0.50679499,\n",
       "        -0.79070657, -0.97127026, -0.97669508, -0.75773327, -0.32132971],\n",
       "       [-0.46118753, -0.84791098, -0.99794535, -0.92396165, -0.6887493 ,\n",
       "        -0.37023606, -0.03680535,  0.26440399,  0.50892495,  0.6905398 ,\n",
       "         0.81485835,  0.89332247,  0.93869816,  0.96219075,  0.97185571,\n",
       "         0.97185571,  0.96219075,  0.93869816,  0.89332247,  0.81485835,\n",
       "         0.6905398 ,  0.50892495,  0.26440399, -0.03680535, -0.37023606,\n",
       "        -0.6887493 , -0.92396165, -0.99794535, -0.84791098, -0.46118753],\n",
       "       [-0.55925174, -0.90277665, -0.99874851, -0.87438263, -0.60168794,\n",
       "        -0.26201862,  0.07725909,  0.37253178,  0.60366101,  0.76843049,\n",
       "         0.87557974,  0.93869816,  0.97185571,  0.98695304,  0.99236356,\n",
       "         0.99236356,  0.98695304,  0.97185571,  0.93869816,  0.87557974,\n",
       "         0.76843049,  0.60366101,  0.37253178,  0.07725909, -0.26201862,\n",
       "        -0.60168794, -0.87438263, -0.99874851, -0.90277665, -0.55925174],\n",
       "       [-0.62065892, -0.93286355, -0.99205554, -0.83496114, -0.53922183,\n",
       "        -0.18788998,  0.1528347 ,  0.44200762,  0.66252531,  0.81485835,\n",
       "         0.90977201,  0.96219075,  0.98695304,  0.9963375 ,  0.99886912,\n",
       "         0.99886912,  0.9963375 ,  0.98695304,  0.96219075,  0.90977201,\n",
       "         0.81485835,  0.66252531,  0.44200762,  0.1528347 , -0.18788998,\n",
       "        -0.53922183, -0.83496114, -0.99205554, -0.93286355, -0.62065892],\n",
       "       [-0.6500367 , -0.94589175, -0.98655193, -0.81342262, -0.50679499,\n",
       "        -0.15039073,  0.19031793,  0.47581068,  0.6905398 ,  0.83631926,\n",
       "         0.92490454,  0.97185571,  0.99236356,  0.99886912,  0.99995476,\n",
       "         0.99995476,  0.99886912,  0.99236356,  0.97185571,  0.92490454,\n",
       "         0.83631926,  0.6905398 ,  0.47581068,  0.19031793, -0.15039073,\n",
       "        -0.50679499, -0.81342262, -0.98655193, -0.94589175, -0.6500367 ],\n",
       "       [-0.6500367 , -0.94589175, -0.98655193, -0.81342262, -0.50679499,\n",
       "        -0.15039073,  0.19031793,  0.47581068,  0.6905398 ,  0.83631926,\n",
       "         0.92490454,  0.97185571,  0.99236356,  0.99886912,  0.99995476,\n",
       "         0.99995476,  0.99886912,  0.99236356,  0.97185571,  0.92490454,\n",
       "         0.83631926,  0.6905398 ,  0.47581068,  0.19031793, -0.15039073,\n",
       "        -0.50679499, -0.81342262, -0.98655193, -0.94589175, -0.6500367 ],\n",
       "       [-0.62065892, -0.93286355, -0.99205554, -0.83496114, -0.53922183,\n",
       "        -0.18788998,  0.1528347 ,  0.44200762,  0.66252531,  0.81485835,\n",
       "         0.90977201,  0.96219075,  0.98695304,  0.9963375 ,  0.99886912,\n",
       "         0.99886912,  0.9963375 ,  0.98695304,  0.96219075,  0.90977201,\n",
       "         0.81485835,  0.66252531,  0.44200762,  0.1528347 , -0.18788998,\n",
       "        -0.53922183, -0.83496114, -0.99205554, -0.93286355, -0.62065892],\n",
       "       [-0.55925174, -0.90277665, -0.99874851, -0.87438263, -0.60168794,\n",
       "        -0.26201862,  0.07725909,  0.37253178,  0.60366101,  0.76843049,\n",
       "         0.87557974,  0.93869816,  0.97185571,  0.98695304,  0.99236356,\n",
       "         0.99236356,  0.98695304,  0.97185571,  0.93869816,  0.87557974,\n",
       "         0.76843049,  0.60366101,  0.37253178,  0.07725909, -0.26201862,\n",
       "        -0.60168794, -0.87438263, -0.99874851, -0.90277665, -0.55925174],\n",
       "       [-0.46118753, -0.84791098, -0.99794535, -0.92396165, -0.6887493 ,\n",
       "        -0.37023606, -0.03680535,  0.26440399,  0.50892495,  0.6905398 ,\n",
       "         0.81485835,  0.89332247,  0.93869816,  0.96219075,  0.97185571,\n",
       "         0.97185571,  0.96219075,  0.93869816,  0.89332247,  0.81485835,\n",
       "         0.6905398 ,  0.50892495,  0.26440399, -0.03680535, -0.37023606,\n",
       "        -0.6887493 , -0.92396165, -0.99794535, -0.84791098, -0.46118753],\n",
       "       [-0.32132971, -0.75773327, -0.97669508, -0.97127026, -0.79070657,\n",
       "        -0.50679499, -0.18788998,  0.11513023,  0.37253178,  0.57289642,\n",
       "         0.71755464,  0.81485835,  0.87557974,  0.90977201,  0.92490454,\n",
       "         0.92490454,  0.90977201,  0.87557974,  0.81485835,  0.71755464,\n",
       "         0.57289642,  0.37253178,  0.11513023, -0.18788998, -0.50679499,\n",
       "        -0.79070657, -0.97127026, -0.97669508, -0.75773327, -0.32132971],\n",
       "       [-0.13645656, -0.62065892, -0.91848491, -0.99874851, -0.89220853,\n",
       "        -0.66067124, -0.37023606, -0.07479369,  0.19031793,  0.4075647 ,\n",
       "         0.57289642,  0.6905398 ,  0.76843049,  0.81485835,  0.83631926,\n",
       "         0.83631926,  0.81485835,  0.76843049,  0.6905398 ,  0.57289642,\n",
       "         0.4075647 ,  0.19031793, -0.07479369, -0.37023606, -0.66067124,\n",
       "        -0.89220853, -0.99874851, -0.91848491, -0.62065892, -0.13645656],\n",
       "       [ 0.09128874, -0.42710005, -0.80515239, -0.98415289, -0.97127026,\n",
       "        -0.81342262, -0.57086809, -0.29854069, -0.03680535,  0.19031793,\n",
       "         0.37253178,  0.50892495,  0.60366101,  0.66252531,  0.6905398 ,\n",
       "         0.6905398 ,  0.66252531,  0.60366101,  0.50892495,  0.37253178,\n",
       "         0.19031793, -0.03680535, -0.29854069, -0.57086809, -0.81342262,\n",
       "        -0.97127026, -0.98415289, -0.80515239, -0.42710005,  0.09128874],\n",
       "       [ 0.35018219, -0.17404272, -0.62065892, -0.90277665, -0.99966033,\n",
       "        -0.9378429 , -0.76684587, -0.53922183, -0.29854069, -0.07479369,\n",
       "         0.11513023,  0.26440399,  0.37253178,  0.44200762,  0.47581068,\n",
       "         0.47581068,  0.44200762,  0.37253178,  0.26440399,  0.11513023,\n",
       "        -0.07479369, -0.29854069, -0.53922183, -0.76684587, -0.9378429 ,\n",
       "        -0.99966033, -0.90277665, -0.62065892, -0.17404272,  0.35018219],\n",
       "       [ 0.61482584,  0.12910458, -0.35712049, -0.73236077, -0.94589175,\n",
       "        -0.99874851, -0.92396165, -0.76684587, -0.57086809, -0.37023606,\n",
       "        -0.18788998, -0.03680535,  0.07725909,  0.1528347 ,  0.19031793,\n",
       "         0.19031793,  0.1528347 ,  0.07725909, -0.03680535, -0.18788998,\n",
       "        -0.37023606, -0.57086809, -0.76684587, -0.92396165, -0.99874851,\n",
       "        -0.94589175, -0.73236077, -0.35712049,  0.12910458,  0.61482584],\n",
       "       [ 0.84395529,  0.45459318, -0.02273185, -0.46118753, -0.78200886,\n",
       "        -0.95755066, -0.99874851, -0.9378429 , -0.81342262, -0.66067124,\n",
       "        -0.50679499, -0.37023606, -0.26201862, -0.18788998, -0.15039073,\n",
       "        -0.15039073, -0.18788998, -0.26201862, -0.37023606, -0.50679499,\n",
       "        -0.66067124, -0.81342262, -0.9378429 , -0.99874851, -0.95755066,\n",
       "        -0.78200886, -0.46118753, -0.02273185,  0.45459318,  0.84395529],\n",
       "       [ 0.98281051,  0.75287196,  0.35018219, -0.09867286, -0.49460739,\n",
       "        -0.78200886, -0.94589175, -0.99966033, -0.97127026, -0.89220853,\n",
       "        -0.79070657, -0.6887493 , -0.60168794, -0.53922183, -0.50679499,\n",
       "        -0.50679499, -0.53922183, -0.60168794, -0.6887493 , -0.79070657,\n",
       "        -0.89220853, -0.97127026, -0.99966033, -0.94589175, -0.78200886,\n",
       "        -0.49460739, -0.09867286,  0.35018219,  0.75287196,  0.98281051],\n",
       "       [ 0.97300878,  0.95538608,  0.70065489,  0.31429664, -0.09867286,\n",
       "        -0.46118753, -0.73236077, -0.90277665, -0.98415289, -0.99874851,\n",
       "        -0.97127026, -0.92396165, -0.87438263, -0.83496114, -0.81342262,\n",
       "        -0.81342262, -0.83496114, -0.87438263, -0.92396165, -0.97127026,\n",
       "        -0.99874851, -0.98415289, -0.90277665, -0.73236077, -0.46118753,\n",
       "        -0.09867286,  0.31429664,  0.70065489,  0.95538608,  0.97300878],\n",
       "       [ 0.77158563,  0.98773718,  0.94345884,  0.70065489,  0.35018219,\n",
       "        -0.02273185, -0.35712049, -0.62065892, -0.80515239, -0.91848491,\n",
       "        -0.97669508, -0.99794535, -0.99874851, -0.99205554, -0.98655193,\n",
       "        -0.98655193, -0.99205554, -0.99874851, -0.99794535, -0.97669508,\n",
       "        -0.91848491, -0.80515239, -0.62065892, -0.35712049, -0.02273185,\n",
       "         0.35018219,  0.70065489,  0.94345884,  0.98773718,  0.77158563],\n",
       "       [ 0.37711637,  0.79522584,  0.98773718,  0.95538608,  0.75287196,\n",
       "         0.45459318,  0.12910458, -0.17404272, -0.42710005, -0.62065892,\n",
       "        -0.75773327, -0.84791098, -0.90277665, -0.93286355, -0.94589175,\n",
       "        -0.94589175, -0.93286355, -0.90277665, -0.84791098, -0.75773327,\n",
       "        -0.62065892, -0.42710005, -0.17404272,  0.12910458,  0.45459318,\n",
       "         0.75287196,  0.95538608,  0.98773718,  0.79522584,  0.37711637],\n",
       "       [-0.14550003,  0.37711637,  0.77158563,  0.97300878,  0.98281051,\n",
       "         0.84395529,  0.61482584,  0.35018219,  0.09128874, -0.13645656,\n",
       "        -0.32132971, -0.46118753, -0.55925174, -0.62065892, -0.6500367 ,\n",
       "        -0.6500367 , -0.62065892, -0.55925174, -0.46118753, -0.32132971,\n",
       "        -0.13645656,  0.09128874,  0.35018219,  0.61482584,  0.84395529,\n",
       "         0.98281051,  0.97300878,  0.77158563,  0.37711637, -0.14550003]])"
      ]
     },
     "execution_count": 41,
     "metadata": {},
     "output_type": "execute_result"
    }
   ],
   "source": [
    "z"
   ]
  },
  {
   "cell_type": "markdown",
   "metadata": {
    "slideshow": {
     "slide_type": "slide"
    }
   },
   "source": [
    "## 3D Wireframe"
   ]
  },
  {
   "cell_type": "code",
   "execution_count": 38,
   "metadata": {},
   "outputs": [
    {
     "data": {
      "application/javascript": [
       "/* Put everything inside the global mpl namespace */\n",
       "window.mpl = {};\n",
       "\n",
       "\n",
       "mpl.get_websocket_type = function() {\n",
       "    if (typeof(WebSocket) !== 'undefined') {\n",
       "        return WebSocket;\n",
       "    } else if (typeof(MozWebSocket) !== 'undefined') {\n",
       "        return MozWebSocket;\n",
       "    } else {\n",
       "        alert('Your browser does not have WebSocket support. ' +\n",
       "              'Please try Chrome, Safari or Firefox ≥ 6. ' +\n",
       "              'Firefox 4 and 5 are also supported but you ' +\n",
       "              'have to enable WebSockets in about:config.');\n",
       "    };\n",
       "}\n",
       "\n",
       "mpl.figure = function(figure_id, websocket, ondownload, parent_element) {\n",
       "    this.id = figure_id;\n",
       "\n",
       "    this.ws = websocket;\n",
       "\n",
       "    this.supports_binary = (this.ws.binaryType != undefined);\n",
       "\n",
       "    if (!this.supports_binary) {\n",
       "        var warnings = document.getElementById(\"mpl-warnings\");\n",
       "        if (warnings) {\n",
       "            warnings.style.display = 'block';\n",
       "            warnings.textContent = (\n",
       "                \"This browser does not support binary websocket messages. \" +\n",
       "                    \"Performance may be slow.\");\n",
       "        }\n",
       "    }\n",
       "\n",
       "    this.imageObj = new Image();\n",
       "\n",
       "    this.context = undefined;\n",
       "    this.message = undefined;\n",
       "    this.canvas = undefined;\n",
       "    this.rubberband_canvas = undefined;\n",
       "    this.rubberband_context = undefined;\n",
       "    this.format_dropdown = undefined;\n",
       "\n",
       "    this.image_mode = 'full';\n",
       "\n",
       "    this.root = $('<div/>');\n",
       "    this._root_extra_style(this.root)\n",
       "    this.root.attr('style', 'display: inline-block');\n",
       "\n",
       "    $(parent_element).append(this.root);\n",
       "\n",
       "    this._init_header(this);\n",
       "    this._init_canvas(this);\n",
       "    this._init_toolbar(this);\n",
       "\n",
       "    var fig = this;\n",
       "\n",
       "    this.waiting = false;\n",
       "\n",
       "    this.ws.onopen =  function () {\n",
       "            fig.send_message(\"supports_binary\", {value: fig.supports_binary});\n",
       "            fig.send_message(\"send_image_mode\", {});\n",
       "            if (mpl.ratio != 1) {\n",
       "                fig.send_message(\"set_dpi_ratio\", {'dpi_ratio': mpl.ratio});\n",
       "            }\n",
       "            fig.send_message(\"refresh\", {});\n",
       "        }\n",
       "\n",
       "    this.imageObj.onload = function() {\n",
       "            if (fig.image_mode == 'full') {\n",
       "                // Full images could contain transparency (where diff images\n",
       "                // almost always do), so we need to clear the canvas so that\n",
       "                // there is no ghosting.\n",
       "                fig.context.clearRect(0, 0, fig.canvas.width, fig.canvas.height);\n",
       "            }\n",
       "            fig.context.drawImage(fig.imageObj, 0, 0);\n",
       "        };\n",
       "\n",
       "    this.imageObj.onunload = function() {\n",
       "        fig.ws.close();\n",
       "    }\n",
       "\n",
       "    this.ws.onmessage = this._make_on_message_function(this);\n",
       "\n",
       "    this.ondownload = ondownload;\n",
       "}\n",
       "\n",
       "mpl.figure.prototype._init_header = function() {\n",
       "    var titlebar = $(\n",
       "        '<div class=\"ui-dialog-titlebar ui-widget-header ui-corner-all ' +\n",
       "        'ui-helper-clearfix\"/>');\n",
       "    var titletext = $(\n",
       "        '<div class=\"ui-dialog-title\" style=\"width: 100%; ' +\n",
       "        'text-align: center; padding: 3px;\"/>');\n",
       "    titlebar.append(titletext)\n",
       "    this.root.append(titlebar);\n",
       "    this.header = titletext[0];\n",
       "}\n",
       "\n",
       "\n",
       "\n",
       "mpl.figure.prototype._canvas_extra_style = function(canvas_div) {\n",
       "\n",
       "}\n",
       "\n",
       "\n",
       "mpl.figure.prototype._root_extra_style = function(canvas_div) {\n",
       "\n",
       "}\n",
       "\n",
       "mpl.figure.prototype._init_canvas = function() {\n",
       "    var fig = this;\n",
       "\n",
       "    var canvas_div = $('<div/>');\n",
       "\n",
       "    canvas_div.attr('style', 'position: relative; clear: both; outline: 0');\n",
       "\n",
       "    function canvas_keyboard_event(event) {\n",
       "        return fig.key_event(event, event['data']);\n",
       "    }\n",
       "\n",
       "    canvas_div.keydown('key_press', canvas_keyboard_event);\n",
       "    canvas_div.keyup('key_release', canvas_keyboard_event);\n",
       "    this.canvas_div = canvas_div\n",
       "    this._canvas_extra_style(canvas_div)\n",
       "    this.root.append(canvas_div);\n",
       "\n",
       "    var canvas = $('<canvas/>');\n",
       "    canvas.addClass('mpl-canvas');\n",
       "    canvas.attr('style', \"left: 0; top: 0; z-index: 0; outline: 0\")\n",
       "\n",
       "    this.canvas = canvas[0];\n",
       "    this.context = canvas[0].getContext(\"2d\");\n",
       "\n",
       "    var backingStore = this.context.backingStorePixelRatio ||\n",
       "\tthis.context.webkitBackingStorePixelRatio ||\n",
       "\tthis.context.mozBackingStorePixelRatio ||\n",
       "\tthis.context.msBackingStorePixelRatio ||\n",
       "\tthis.context.oBackingStorePixelRatio ||\n",
       "\tthis.context.backingStorePixelRatio || 1;\n",
       "\n",
       "    mpl.ratio = (window.devicePixelRatio || 1) / backingStore;\n",
       "\n",
       "    var rubberband = $('<canvas/>');\n",
       "    rubberband.attr('style', \"position: absolute; left: 0; top: 0; z-index: 1;\")\n",
       "\n",
       "    var pass_mouse_events = true;\n",
       "\n",
       "    canvas_div.resizable({\n",
       "        start: function(event, ui) {\n",
       "            pass_mouse_events = false;\n",
       "        },\n",
       "        resize: function(event, ui) {\n",
       "            fig.request_resize(ui.size.width, ui.size.height);\n",
       "        },\n",
       "        stop: function(event, ui) {\n",
       "            pass_mouse_events = true;\n",
       "            fig.request_resize(ui.size.width, ui.size.height);\n",
       "        },\n",
       "    });\n",
       "\n",
       "    function mouse_event_fn(event) {\n",
       "        if (pass_mouse_events)\n",
       "            return fig.mouse_event(event, event['data']);\n",
       "    }\n",
       "\n",
       "    rubberband.mousedown('button_press', mouse_event_fn);\n",
       "    rubberband.mouseup('button_release', mouse_event_fn);\n",
       "    // Throttle sequential mouse events to 1 every 20ms.\n",
       "    rubberband.mousemove('motion_notify', mouse_event_fn);\n",
       "\n",
       "    rubberband.mouseenter('figure_enter', mouse_event_fn);\n",
       "    rubberband.mouseleave('figure_leave', mouse_event_fn);\n",
       "\n",
       "    canvas_div.on(\"wheel\", function (event) {\n",
       "        event = event.originalEvent;\n",
       "        event['data'] = 'scroll'\n",
       "        if (event.deltaY < 0) {\n",
       "            event.step = 1;\n",
       "        } else {\n",
       "            event.step = -1;\n",
       "        }\n",
       "        mouse_event_fn(event);\n",
       "    });\n",
       "\n",
       "    canvas_div.append(canvas);\n",
       "    canvas_div.append(rubberband);\n",
       "\n",
       "    this.rubberband = rubberband;\n",
       "    this.rubberband_canvas = rubberband[0];\n",
       "    this.rubberband_context = rubberband[0].getContext(\"2d\");\n",
       "    this.rubberband_context.strokeStyle = \"#000000\";\n",
       "\n",
       "    this._resize_canvas = function(width, height) {\n",
       "        // Keep the size of the canvas, canvas container, and rubber band\n",
       "        // canvas in synch.\n",
       "        canvas_div.css('width', width)\n",
       "        canvas_div.css('height', height)\n",
       "\n",
       "        canvas.attr('width', width * mpl.ratio);\n",
       "        canvas.attr('height', height * mpl.ratio);\n",
       "        canvas.attr('style', 'width: ' + width + 'px; height: ' + height + 'px;');\n",
       "\n",
       "        rubberband.attr('width', width);\n",
       "        rubberband.attr('height', height);\n",
       "    }\n",
       "\n",
       "    // Set the figure to an initial 600x600px, this will subsequently be updated\n",
       "    // upon first draw.\n",
       "    this._resize_canvas(600, 600);\n",
       "\n",
       "    // Disable right mouse context menu.\n",
       "    $(this.rubberband_canvas).bind(\"contextmenu\",function(e){\n",
       "        return false;\n",
       "    });\n",
       "\n",
       "    function set_focus () {\n",
       "        canvas.focus();\n",
       "        canvas_div.focus();\n",
       "    }\n",
       "\n",
       "    window.setTimeout(set_focus, 100);\n",
       "}\n",
       "\n",
       "mpl.figure.prototype._init_toolbar = function() {\n",
       "    var fig = this;\n",
       "\n",
       "    var nav_element = $('<div/>');\n",
       "    nav_element.attr('style', 'width: 100%');\n",
       "    this.root.append(nav_element);\n",
       "\n",
       "    // Define a callback function for later on.\n",
       "    function toolbar_event(event) {\n",
       "        return fig.toolbar_button_onclick(event['data']);\n",
       "    }\n",
       "    function toolbar_mouse_event(event) {\n",
       "        return fig.toolbar_button_onmouseover(event['data']);\n",
       "    }\n",
       "\n",
       "    for(var toolbar_ind in mpl.toolbar_items) {\n",
       "        var name = mpl.toolbar_items[toolbar_ind][0];\n",
       "        var tooltip = mpl.toolbar_items[toolbar_ind][1];\n",
       "        var image = mpl.toolbar_items[toolbar_ind][2];\n",
       "        var method_name = mpl.toolbar_items[toolbar_ind][3];\n",
       "\n",
       "        if (!name) {\n",
       "            // put a spacer in here.\n",
       "            continue;\n",
       "        }\n",
       "        var button = $('<button/>');\n",
       "        button.addClass('ui-button ui-widget ui-state-default ui-corner-all ' +\n",
       "                        'ui-button-icon-only');\n",
       "        button.attr('role', 'button');\n",
       "        button.attr('aria-disabled', 'false');\n",
       "        button.click(method_name, toolbar_event);\n",
       "        button.mouseover(tooltip, toolbar_mouse_event);\n",
       "\n",
       "        var icon_img = $('<span/>');\n",
       "        icon_img.addClass('ui-button-icon-primary ui-icon');\n",
       "        icon_img.addClass(image);\n",
       "        icon_img.addClass('ui-corner-all');\n",
       "\n",
       "        var tooltip_span = $('<span/>');\n",
       "        tooltip_span.addClass('ui-button-text');\n",
       "        tooltip_span.html(tooltip);\n",
       "\n",
       "        button.append(icon_img);\n",
       "        button.append(tooltip_span);\n",
       "\n",
       "        nav_element.append(button);\n",
       "    }\n",
       "\n",
       "    var fmt_picker_span = $('<span/>');\n",
       "\n",
       "    var fmt_picker = $('<select/>');\n",
       "    fmt_picker.addClass('mpl-toolbar-option ui-widget ui-widget-content');\n",
       "    fmt_picker_span.append(fmt_picker);\n",
       "    nav_element.append(fmt_picker_span);\n",
       "    this.format_dropdown = fmt_picker[0];\n",
       "\n",
       "    for (var ind in mpl.extensions) {\n",
       "        var fmt = mpl.extensions[ind];\n",
       "        var option = $(\n",
       "            '<option/>', {selected: fmt === mpl.default_extension}).html(fmt);\n",
       "        fmt_picker.append(option);\n",
       "    }\n",
       "\n",
       "    // Add hover states to the ui-buttons\n",
       "    $( \".ui-button\" ).hover(\n",
       "        function() { $(this).addClass(\"ui-state-hover\");},\n",
       "        function() { $(this).removeClass(\"ui-state-hover\");}\n",
       "    );\n",
       "\n",
       "    var status_bar = $('<span class=\"mpl-message\"/>');\n",
       "    nav_element.append(status_bar);\n",
       "    this.message = status_bar[0];\n",
       "}\n",
       "\n",
       "mpl.figure.prototype.request_resize = function(x_pixels, y_pixels) {\n",
       "    // Request matplotlib to resize the figure. Matplotlib will then trigger a resize in the client,\n",
       "    // which will in turn request a refresh of the image.\n",
       "    this.send_message('resize', {'width': x_pixels, 'height': y_pixels});\n",
       "}\n",
       "\n",
       "mpl.figure.prototype.send_message = function(type, properties) {\n",
       "    properties['type'] = type;\n",
       "    properties['figure_id'] = this.id;\n",
       "    this.ws.send(JSON.stringify(properties));\n",
       "}\n",
       "\n",
       "mpl.figure.prototype.send_draw_message = function() {\n",
       "    if (!this.waiting) {\n",
       "        this.waiting = true;\n",
       "        this.ws.send(JSON.stringify({type: \"draw\", figure_id: this.id}));\n",
       "    }\n",
       "}\n",
       "\n",
       "\n",
       "mpl.figure.prototype.handle_save = function(fig, msg) {\n",
       "    var format_dropdown = fig.format_dropdown;\n",
       "    var format = format_dropdown.options[format_dropdown.selectedIndex].value;\n",
       "    fig.ondownload(fig, format);\n",
       "}\n",
       "\n",
       "\n",
       "mpl.figure.prototype.handle_resize = function(fig, msg) {\n",
       "    var size = msg['size'];\n",
       "    if (size[0] != fig.canvas.width || size[1] != fig.canvas.height) {\n",
       "        fig._resize_canvas(size[0], size[1]);\n",
       "        fig.send_message(\"refresh\", {});\n",
       "    };\n",
       "}\n",
       "\n",
       "mpl.figure.prototype.handle_rubberband = function(fig, msg) {\n",
       "    var x0 = msg['x0'] / mpl.ratio;\n",
       "    var y0 = (fig.canvas.height - msg['y0']) / mpl.ratio;\n",
       "    var x1 = msg['x1'] / mpl.ratio;\n",
       "    var y1 = (fig.canvas.height - msg['y1']) / mpl.ratio;\n",
       "    x0 = Math.floor(x0) + 0.5;\n",
       "    y0 = Math.floor(y0) + 0.5;\n",
       "    x1 = Math.floor(x1) + 0.5;\n",
       "    y1 = Math.floor(y1) + 0.5;\n",
       "    var min_x = Math.min(x0, x1);\n",
       "    var min_y = Math.min(y0, y1);\n",
       "    var width = Math.abs(x1 - x0);\n",
       "    var height = Math.abs(y1 - y0);\n",
       "\n",
       "    fig.rubberband_context.clearRect(\n",
       "        0, 0, fig.canvas.width / mpl.ratio, fig.canvas.height / mpl.ratio);\n",
       "\n",
       "    fig.rubberband_context.strokeRect(min_x, min_y, width, height);\n",
       "}\n",
       "\n",
       "mpl.figure.prototype.handle_figure_label = function(fig, msg) {\n",
       "    // Updates the figure title.\n",
       "    fig.header.textContent = msg['label'];\n",
       "}\n",
       "\n",
       "mpl.figure.prototype.handle_cursor = function(fig, msg) {\n",
       "    var cursor = msg['cursor'];\n",
       "    switch(cursor)\n",
       "    {\n",
       "    case 0:\n",
       "        cursor = 'pointer';\n",
       "        break;\n",
       "    case 1:\n",
       "        cursor = 'default';\n",
       "        break;\n",
       "    case 2:\n",
       "        cursor = 'crosshair';\n",
       "        break;\n",
       "    case 3:\n",
       "        cursor = 'move';\n",
       "        break;\n",
       "    }\n",
       "    fig.rubberband_canvas.style.cursor = cursor;\n",
       "}\n",
       "\n",
       "mpl.figure.prototype.handle_message = function(fig, msg) {\n",
       "    fig.message.textContent = msg['message'];\n",
       "}\n",
       "\n",
       "mpl.figure.prototype.handle_draw = function(fig, msg) {\n",
       "    // Request the server to send over a new figure.\n",
       "    fig.send_draw_message();\n",
       "}\n",
       "\n",
       "mpl.figure.prototype.handle_image_mode = function(fig, msg) {\n",
       "    fig.image_mode = msg['mode'];\n",
       "}\n",
       "\n",
       "mpl.figure.prototype.updated_canvas_event = function() {\n",
       "    // Called whenever the canvas gets updated.\n",
       "    this.send_message(\"ack\", {});\n",
       "}\n",
       "\n",
       "// A function to construct a web socket function for onmessage handling.\n",
       "// Called in the figure constructor.\n",
       "mpl.figure.prototype._make_on_message_function = function(fig) {\n",
       "    return function socket_on_message(evt) {\n",
       "        if (evt.data instanceof Blob) {\n",
       "            /* FIXME: We get \"Resource interpreted as Image but\n",
       "             * transferred with MIME type text/plain:\" errors on\n",
       "             * Chrome.  But how to set the MIME type?  It doesn't seem\n",
       "             * to be part of the websocket stream */\n",
       "            evt.data.type = \"image/png\";\n",
       "\n",
       "            /* Free the memory for the previous frames */\n",
       "            if (fig.imageObj.src) {\n",
       "                (window.URL || window.webkitURL).revokeObjectURL(\n",
       "                    fig.imageObj.src);\n",
       "            }\n",
       "\n",
       "            fig.imageObj.src = (window.URL || window.webkitURL).createObjectURL(\n",
       "                evt.data);\n",
       "            fig.updated_canvas_event();\n",
       "            fig.waiting = false;\n",
       "            return;\n",
       "        }\n",
       "        else if (typeof evt.data === 'string' && evt.data.slice(0, 21) == \"data:image/png;base64\") {\n",
       "            fig.imageObj.src = evt.data;\n",
       "            fig.updated_canvas_event();\n",
       "            fig.waiting = false;\n",
       "            return;\n",
       "        }\n",
       "\n",
       "        var msg = JSON.parse(evt.data);\n",
       "        var msg_type = msg['type'];\n",
       "\n",
       "        // Call the  \"handle_{type}\" callback, which takes\n",
       "        // the figure and JSON message as its only arguments.\n",
       "        try {\n",
       "            var callback = fig[\"handle_\" + msg_type];\n",
       "        } catch (e) {\n",
       "            console.log(\"No handler for the '\" + msg_type + \"' message type: \", msg);\n",
       "            return;\n",
       "        }\n",
       "\n",
       "        if (callback) {\n",
       "            try {\n",
       "                // console.log(\"Handling '\" + msg_type + \"' message: \", msg);\n",
       "                callback(fig, msg);\n",
       "            } catch (e) {\n",
       "                console.log(\"Exception inside the 'handler_\" + msg_type + \"' callback:\", e, e.stack, msg);\n",
       "            }\n",
       "        }\n",
       "    };\n",
       "}\n",
       "\n",
       "// from http://stackoverflow.com/questions/1114465/getting-mouse-location-in-canvas\n",
       "mpl.findpos = function(e) {\n",
       "    //this section is from http://www.quirksmode.org/js/events_properties.html\n",
       "    var targ;\n",
       "    if (!e)\n",
       "        e = window.event;\n",
       "    if (e.target)\n",
       "        targ = e.target;\n",
       "    else if (e.srcElement)\n",
       "        targ = e.srcElement;\n",
       "    if (targ.nodeType == 3) // defeat Safari bug\n",
       "        targ = targ.parentNode;\n",
       "\n",
       "    // jQuery normalizes the pageX and pageY\n",
       "    // pageX,Y are the mouse positions relative to the document\n",
       "    // offset() returns the position of the element relative to the document\n",
       "    var x = e.pageX - $(targ).offset().left;\n",
       "    var y = e.pageY - $(targ).offset().top;\n",
       "\n",
       "    return {\"x\": x, \"y\": y};\n",
       "};\n",
       "\n",
       "/*\n",
       " * return a copy of an object with only non-object keys\n",
       " * we need this to avoid circular references\n",
       " * http://stackoverflow.com/a/24161582/3208463\n",
       " */\n",
       "function simpleKeys (original) {\n",
       "  return Object.keys(original).reduce(function (obj, key) {\n",
       "    if (typeof original[key] !== 'object')\n",
       "        obj[key] = original[key]\n",
       "    return obj;\n",
       "  }, {});\n",
       "}\n",
       "\n",
       "mpl.figure.prototype.mouse_event = function(event, name) {\n",
       "    var canvas_pos = mpl.findpos(event)\n",
       "\n",
       "    if (name === 'button_press')\n",
       "    {\n",
       "        this.canvas.focus();\n",
       "        this.canvas_div.focus();\n",
       "    }\n",
       "\n",
       "    var x = canvas_pos.x * mpl.ratio;\n",
       "    var y = canvas_pos.y * mpl.ratio;\n",
       "\n",
       "    this.send_message(name, {x: x, y: y, button: event.button,\n",
       "                             step: event.step,\n",
       "                             guiEvent: simpleKeys(event)});\n",
       "\n",
       "    /* This prevents the web browser from automatically changing to\n",
       "     * the text insertion cursor when the button is pressed.  We want\n",
       "     * to control all of the cursor setting manually through the\n",
       "     * 'cursor' event from matplotlib */\n",
       "    event.preventDefault();\n",
       "    return false;\n",
       "}\n",
       "\n",
       "mpl.figure.prototype._key_event_extra = function(event, name) {\n",
       "    // Handle any extra behaviour associated with a key event\n",
       "}\n",
       "\n",
       "mpl.figure.prototype.key_event = function(event, name) {\n",
       "\n",
       "    // Prevent repeat events\n",
       "    if (name == 'key_press')\n",
       "    {\n",
       "        if (event.which === this._key)\n",
